id,first_name,last_name,age
1,Pierson,Tilley,20
2,See,Kagan,20
3,Giffard,Suggey,20
4,Dolf,Ades,20
5,Cad,Cogley,20
6,Augustin,Grouse,20
7,Joelly,Kingdon,20
8,Matilda,Chatterton,20
9,Amanda,Ruddoch,20
10,Roger,Gasparro,20
11,Ashlan,Hanhart,20
12,April,Godspede,20
13,Tammie,Garlicke,20
14,Currey,Labeuil,20
15,Lucien,Nolleth,20
16,Saree,Burchill,20
17,Bartholomew,Ciani,20
18,Merrill,Stokell,20
19,Paddy,Bagniuk,20
20,Gaby,Janaszewski,21
21,Damiano,Atack,21
22,Matias,Ripping,21
23,Quillan,Sutter,21
24,Ainsley,Pepye,21
25,Cheryl,Maffetti,21
26,Verne,Basford,21
27,Eran,Quinnelly,21
28,Shirl,Romera,21
29,Claudius,Stickens,21
30,Helen,Pattington,21
31,Marys,Larmett,21
32,Ardelis,Brouwer,21
33,Thorin,Kaasman,21
34,Leonardo,Urien,21
35,Calla,Northedge,21
36,Allistir,Jerams,21
37,Claybourne,Dunniom,22
38,Pooh,Spencelayh,22
39,Brandais,Minchindon,22
40,Nobe,Teck,22
41,Sharron,Ollie,22
42,Darwin,Carvill,22
43,Allx,Eymor,22
44,Kerrill,Zywicki,22
45,Haily,Kilmurray,22
46,Koressa,Freeborn,22
47,Nobie,MacGilrewy,22
48,Pearla,Zannini,22
49,Dennison,Elsbury,22
50,Constantia,Grabban,22
51,Pippo,Spoors,22
52,Roshelle,Churchouse,22
53,Pavia,McKeon,23
54,Elenore,Vaune,23
55,Danell,Bardsley,23
56,Chrysler,Taffie,23
57,Sabrina,Lundie,23
58,Xylina,Blodgett,23
59,Avictor,Timeby,23
60,Sabra,Fielding,23
61,Ange,Purcell,23
62,Ted,Virgoe,23
63,Celestyn,Hof,23
64,Spencer,Joseph,23
65,Eartha,Pipkin,23
66,Davin,Froschauer,23
67,Ivonne,Tethcote,23
68,Lola,Gillopp,23
69,Ike,Franzman,23
70,Alfons,Burns,23
71,Ezekiel,Conquer,23
72,Shawn,Cosyns,23
73,Keri,Schubbert,23
74,Flor,McLewd,23
75,Dorian,Hogbourne,23
76,Eliza,Rainbird,23
77,Farra,Ivins,24
78,Tammie,Lamartine,24
79,Ralph,Theodore,24
80,Bamby,Wemyss,24
81,Bradly,Haney`,24
82,Alethea,Goodridge,24
83,Leon,Caffin,24
84,Raphaela,Swainston,24
85,Nicolais,Nesby,24
86,Adelle,Ovill,24
87,Andros,Searjeant,24
88,Scarface,Angrave,24
89,Maddie,Ledrane,24
90,Kim,Le feaver,24
91,Grier,Patifield,24
92,Celestina,Norgan,24
93,Mace,Guilfoyle,24
94,Petronia,Elgie,24
95,Emerson,Divina,24
96,Wynn,Murray,24
97,Sylas,Campkin,24
98,Amandi,Turtle,24
99,Sawyere,Meedendorpe,24
100,Osbourn,Nockalls,25
101,Murry,Bernaldo,25
102,Pete,Shasnan,25
103,Dulci,Dimitresco,25
104,Ave,Eggle,25
105,Claudine,Kirmond,25
106,Arte,Wardale,25
107,Debor,Bardey,25
108,Any,Jeckell,25
109,Burnard,Bernardy,25
110,Sherwood,Grummitt,25
111,Prudi,Sutlieff,25
112,Calley,Donlon,25
113,Laurens,Peet,25
114,Paulina,Rawet,25
115,Cornelle,Jakeman,25
116,Donn,Skylett,25
117,Padraic,Seak,25
118,Angil,Torbet,25
119,Scotti,Bolger,25
120,Rickard,Brownlee,25
121,Cary,Pentlow,25
122,Jeniffer,Annetts,25
123,Denney,St. Pierre,25
124,Clive,Cotton,26
125,Luz,Horsfield,26
126,Jake,Byrom,26
127,Dionne,Izen,26
128,Gwenora,Spurgin,26
129,Charles,Jindrich,26
130,Natassia,MacEntee,26
131,Red,Marques,26
132,Wang,Kurth,26
133,Yalonda,Lanney,26
134,Ezequiel,Sparks,26
135,Brandie,Bowell,26
136,Cammie,A'field,26
137,Theodor,Burgis,26
138,Eric,Doniso,26
139,Alfy,Wisher,26
140,Merwyn,Batchelder,26
141,Hoyt,Trimme,26
142,Othelia,Robardet,26
143,Reginauld,Crofthwaite,26
144,Bordy,Quincee,26
145,Angeli,Raimbauld,26
146,Dulsea,Hookes,26
147,Saudra,McManamon,26
148,Concordia,Croasdale,26
149,Haze,Melby,26
150,Morse,Bayless,26
151,Dorita,Davidde,27
152,Boot,Gareisr,27
153,Chaim,Tidswell,27
154,Abbey,Canellas,27
155,Gretna,Towner,27
156,Nevin,Feldmark,27
157,Francois,Lilford,27
158,Trip,Chard,27
159,Kaine,Wansbury,27
160,Floria,Lawty,27
161,Berni,Sustins,27
162,Arman,Medling,27
163,Noell,Bowdery,27
164,Jarrid,Stenet,27
165,Pat,Offord,27
166,Stella,Clink,28
167,Hollis,Edney,28
168,Chlo,O' Byrne,28
169,Samuele,Turle,28
170,Allayne,McKeachie,28
171,Aundrea,Winchcum,28
172,Felisha,Blethin,28
173,Harcourt,Dougan,28
174,Janeva,Jakubovics,28
175,Obed,Trevain,28
176,Towney,Bessell,28
177,Mirella,Waliszewski,28
178,Nessie,Mullany,28
179,Rozelle,Siviter,28
180,Ravi,Assiratti,28
181,Jaine,Butterfill,28
182,Rica,McLleese,28
183,Kinna,Potebury,28
184,Clevey,Ealles,28
185,Edsel,Blessed,29
186,Leonore,Cureton,29
187,Mufi,Darke,29
188,Paulina,Meatyard,29
189,Kerby,Desporte,29
190,Wenonah,Tizzard,29
191,Bryant,Losty,29
192,Rebekkah,Hollibone,29
193,Lida,Charter,29
194,Corbet,Goter,29
195,Si,Dovey,29
196,Valentin,Olivet,29
197,Lilah,Govenlock,29
198,Dermot,Burkinshaw,29
199,Arnuad,Stennet,29
200,Merilee,Humpage,29
201,Lyn,Snoxall,29
202,Candide,Wonham,29
203,Cosimo,Girardin,29
204,Millard,Brommage,29
205,Ashia,Gallatly,29
206,Dennison,Harrow,29
207,Cornie,Vernay,30
208,Byran,Branton,30
209,Alethea,Gladwin,30
210,Anderea,Braysher,30
211,Kary,Redholes,30
212,Sullivan,Rulten,30
213,Prue,Donneely,30
214,Enid,Crayker,30
215,Noni,Maxted,30
216,Mychal,Butterick,30
217,Egor,Markham,30
218,Elga,Tammadge,30
219,Sonni,Espin,30
220,Maggee,Ord,30
221,Beret,Pack,30
222,Virginia,Javes,30
223,Jarred,Claricoats,30
224,Arel,Lowthorpe,30
225,Marius,Amner,30
226,Tad,Vogelein,30
227,Vince,Skipsea,30
228,Chere,Olley,30
229,Donavon,Camell,30
230,Minetta,Pinchon,30
231,Alleen,Sackes,30
232,Justino,Coxwell,31
233,Gene,Gatcliff,31
234,Vin,Everist,31
235,Flemming,Skitterel,31
236,Dorette,Prahm,31
237,Sammy,Thornewill,31
238,Heindrick,Feuell,31
239,Raven,Debill,31
240,Elka,Coneron,31
241,Lynn,Bims,31
242,Bren,Mendonca,31
243,Zoe,Truscott,31
244,Zak,Beller,31
245,Baillie,Breckon,31
246,Libbi,Stoite,31
247,Margeaux,Couchman,31
248,Donnamarie,Edginton,31
249,Marcelline,Fennessy,31
250,Garey,Drysdall,31
251,Bobby,Brisseau,31
252,Aube,Ragbourn,31
253,Trixi,Rycroft,31
254,Avictor,Kenrack,31
255,Jannelle,Robker,32
256,Halsy,Pretswell,32
257,Em,Wilkenson,32
258,Cammi,Dutchburn,32
259,Sissy,Blower,32
260,Connie,Hansbury,32
261,Fernande,Raigatt,32
262,Lexi,Tattersdill,32
263,Gawen,Huckleby,32
264,Robinetta,Pinkstone,32
265,Paco,Giotto,32
266,Heidi,Shevlan,32
267,Nerta,Wilbraham,32
268,Shir,Sirman,32
269,Grata,Coggan,32
270,Dawna,Glasscott,32
271,Caren,Cavill,32
272,Pauletta,Markwick,32
273,Geraldine,Lodewick,32
274,Rosetta,Petrik,32
275,Filmer,Kryszkiecicz,33
276,Justis,Easterby,33
277,Marti,Ferrettino,33
278,Lanni,Melloy,33
279,Marylou,Hourican,33
280,Timi,Wilstead,33
281,Rebekah,Mitchenson,33
282,Lenora,Chaldecott,33
283,Norbie,Bloy,33
284,Jilly,Twells,33
285,Darya,Bellon,33
286,Pail,Longega,33
287,Seymour,Tosspell,33
288,Kelbee,Bulgen,33
289,Letisha,Kilcullen,33
290,Kimberlyn,Greve,33
291,Alberto,Callicott,33
292,Jaine,MacMenemy,33
293,Rhona,Champerlen,33
294,Carey,Cufflin,33
295,Bianca,Billie,33
296,Vanda,Detoile,33
297,Heidi,Brane,33
298,Linn,Leglise,33
299,Nataline,Edden,33
300,Mehetabel,Maslen,34
301,Helen-elizabeth,Upchurch,34
302,Suzann,Blazewicz,34
303,Dall,Bellany,34
304,Briney,Bridgeman,34
305,Donn,Kohrsen,34
306,Giffy,Sunner,34
307,Kenny,Keyho,34
308,Kathie,Bunford,34
309,Ardeen,Ewings,34
310,Letizia,Delepine,34
311,Amelie,Brunsdon,34
312,Wendell,Jauncey,34
313,Claire,Headings,34
314,Bobbie,Skaife,34
315,Chico,Lickess,34
316,Katha,Husbands,34
317,Maren,Suthren,34
318,Garry,Sawdy,34
319,Pauletta,Salmen,34
320,Lazar,Creyke,34
321,Tessa,Palle,35
322,Andrei,Ballendine,35
323,Josefa,McEnhill,35
324,Dian,Febre,35
325,Mickey,Pallaske,35
326,Nobie,Pavey,35
327,Orel,Hand,35
328,Leela,Abrahamsson,35
329,Marlena,Stansby,35
330,Brandtr,Prior,35
331,Yolane,De Carteret,35
332,Ev,Wincott,35
333,Jonie,Crauford,35
334,Isidro,Fermer,35
335,Kain,Fortun,35
336,Dorie,Cadlock,35
337,Jerri,Arkil,35
338,Gunther,Garrand,35
339,Ceil,Sutlieff,35
340,Dex,Joyes,35
341,Delilah,Carrier,35
342,Jonah,Creus,35
343,Carry,Costar,35
344,Balduin,Ayscough,35
345,Karney,Keave,35
346,Dacie,Riepl,35
347,Rosabella,Laffan,35
348,Viv,Rhyme,35
349,Caro,Kitchingman,35
350,Jeth,Allibone,36
351,Allis,Crittal,36
352,Vale,Galbraeth,36
353,Stacy,Beaver,36
354,Randa,Aucoate,36
355,Betsy,Ruckert,36
356,Carmita,Finkle,36
357,Jock,Renn,36
358,Petronilla,Siley,36
359,Giacinta,Marzelo,36
360,Rivkah,Moxom,36
361,Merci,Prestland,36
362,Hoyt,Pettifor,36
363,Myles,Loxston,36
364,Coletta,Inwood,36
365,Gwenore,Scrooby,36
366,Tessie,Test,36
367,Kaylyn,Dominec,36
368,Brandais,Oles,36
369,Norrie,Hallum,36
370,Kevin,Roseaman,36
371,Lawton,Pouton,36
372,Clerc,Livingstone,36
373,Dominique,Baron,36
374,Bertrand,Littrik,37
375,Cecile,Iddiens,37
376,Alikee,Boraston,37
377,Britteny,Stodart,37
378,Leonore,Godsafe,37
379,Alfie,Harmon,37
380,Annis,Stephenson,37
381,Rheba,Anglim,37
382,Ainslee,Havard,37
383,Mirella,Bisiker,37
384,Melly,Pascow,37
385,Catherina,Warby,37
386,Dennie,Torrisi,37
387,Ines,Lambdon,37
388,Diann,Sliney,37
389,Maurise,Shakesby,37
390,Christos,Breem,37
391,Anna-diane,McPartling,37
392,Helenelizabeth,Willbraham,37
393,Rad,Argente,37
394,Katheryn,Janouch,37
395,Elsa,Parham,37
396,Tim,Doche,37
397,Daffy,Cusack,38
398,Bliss,Mitchenson,38
399,Carlos,Pautard,38
400,Carroll,Puddin,38
401,Aron,Colliver,38
402,Jasen,Errey,38
403,Madeline,Sinclaire,38
404,Howey,Blakeway,38
405,Tully,Cowup,38
406,Kristy,Reditt,38
407,Sandra,Wain,38
408,Roanna,Offin,38
409,Gannie,Cottie,38
410,Bonni,Farnon,38
411,Agatha,Sandells,38
412,Lucinda,Garroway,38
413,Juliet,Dunbar,38
414,Onida,Matteo,38
415,Eartha,Threadkell,38
416,Trish,Sadry,38
417,Louie,Romanelli,38
418,Dimitry,Burchell,38
419,Willey,Glason,38
420,Jacki,Yves,38
421,Idalia,O'Cuddie,38
422,Anabel,Windaybank,38
423,Aeriela,Broadway,38
424,Ebenezer,Crank,39
425,Kellen,Clohisey,39
426,Nana,Stephens,39
427,Israel,Ibbotson,39
428,Leanna,Bendell,39
429,Lynnette,Tillman,39
430,Isak,Targett,39
431,Laney,Klimkovich,39
432,Amil,Scoles,39
433,Nancey,Abbey,39
434,Basile,Wrate,39
435,Eddy,Boydle,39
436,Ephraim,Klauber,39
437,Lisa,Skewis,39
438,Malvin,Dinsey,39
439,Cati,Millsap,39
440,Sela,Gahan,39
441,Annadiane,Bantick,39
442,Arthur,Attenburrow,39
443,Norma,Duffet,39
444,Jillayne,Organ,39
445,Skylar,Deeth,40
446,Cinda,Crenshaw,40
447,Peria,Girdwood,40
448,Anny,Tolwood,40
449,Norma,Loncaster,40
450,Ertha,Fontel,40
451,Lizzie,Philipet,40
452,Allix,Craxford,40
453,Mose,Paish,40
454,Sandi,Treppas,40
455,Barrie,Minguet,40
456,Faulkner,Radbourne,40
457,Laurent,Pfeffel,40
458,Nadiya,Rieger,40
459,Roddie,Tytherton,40
460,Cassaundra,Rolin,40
461,Deni,Camble,40
462,Hubey,Pedrocchi,41
463,Aldric,Turle,41
464,Kirsti,Bains,41
465,Ranice,Pygott,41
466,Roddy,Elgram,41
467,Yuma,Twitching,41
468,Cordelie,Careswell,41
469,Archambault,Pettyfer,41
470,Nolie,McDonald,41
471,Horatius,Isaak,41
472,Delly,Batham,41
473,Bekki,Durbann,41
474,Nonnah,Gatlin,41
475,Tammie,Ferrant,41
476,Hadria,Streetley,41
477,Rachael,Konmann,41
478,Dorree,Ruzic,42
479,Klemens,Daens,42
480,Romola,Lepard,42
481,Aarika,Henzer,42
482,Cy,Haddleston,42
483,Stanfield,Brands,42
484,Dew,Cadagan,42
485,Zebedee,Riccelli,42
486,Elsinore,Tonnesen,42
487,Gabriel,Gaveltone,42
488,D'arcy,Lyddon,42
489,Guglielma,Hallwell,42
490,Hector,Fentem,42
491,Milton,Ruggles,42
492,Barnebas,Armfirld,42
493,Karly,Bernardon,42
494,Catie,Shilito,42
495,Haley,Wallach,42
496,Chris,Lante,43
497,Annemarie,Flanigan,43
498,Raquel,Gymblett,43
499,Valentijn,Blackster,43
500,Meriel,Lufkin,43
501,Silvana,Seamark,43
502,Cornelle,Garms,43
503,Marley,De Blasi,43
504,Sammie,Wattinham,43
505,Nola,Windress,43
506,Alasteir,Robbeke,43
507,Lethia,Paeckmeyer,43
508,Lusa,Ferryman,43
509,Pedro,Boullin,43
510,Filberte,Gillicuddy,43
511,Dehlia,Dingsdale,43
512,Reuven,Howchin,43
513,Levi,Marks,43
514,Jessalin,Whitehall,43
515,Tabina,Nell,43
516,Leyla,Devo,43
517,Kane,McGilvray,43
518,Hervey,Bader,43
519,Emmerich,Burnapp,43
520,Lelah,Surgeon,44
521,Dorena,Mingasson,44
522,Tammi,Oglethorpe,44
523,Roseanne,Elles,44
524,Bethena,Bottlestone,44
525,Allan,Exon,44
526,Carolin,Haddeston,44
527,Abbey,Dibdall,44
528,Murielle,Yukhnini,44
529,Maggie,Smallman,44
530,Dennie,Quig,44
531,Kelsy,Penquet,44
532,Layla,Auger,44
533,Ilsa,Tesoe,44
534,Irv,Presland,44
535,Dannie,Nehlsen,44
536,Sammy,Vaszoly,44
537,Filide,Peacocke,44
538,Gracia,Ingon,44
539,Wynn,Lahy,44
540,Netti,Ginnane,44
541,Kora,Darte,44
542,Clemmy,Bader,44
543,Petra,Walstow,44
544,Arlinda,Noell,44
545,Neale,Jouanny,44
546,Alverta,Pointin,44
547,Beatriz,Haselwood,44
548,Hannah,Gloy,44
549,Becki,Noore,45
550,Rozalin,Cappell,45
551,Ferris,Gurys,45
552,Morly,Gibbon,45
553,Ronnie,Hoyles,45
554,Wilie,Linggood,45
555,Terrijo,Gabbidon,45
556,Heall,Coulsen,45
557,Lilyan,Andrick,45
558,Dorella,Donhardt,45
559,Tilly,Frarey,45
560,Serena,Sawl,45
561,Antonin,McPolin,45
562,Woodrow,McLeish,45
563,Glenda,Dossetter,45
564,Currie,Caustick,45
565,Marty,Sweating,45
566,Reeva,Osburn,45
567,Wendi,Clayal,45
568,Ellsworth,Penswick,45
569,Doralynn,Mounfield,46
570,William,Kennerley,46
571,Jordon,Floyed,46
572,Nathanil,Challin,46
573,Katy,Jobbings,46
574,Pavlov,Slym,46
575,Karim,Badland,46
576,Teresita,Cossey,46
577,Danya,Spier,46
578,Cherie,Gatherer,46
579,Rania,Gonzalvo,46
580,Sanson,Stonman,46
581,Concordia,Tindall,46
582,Fonz,Saunder,46
583,Maura,MacGaughy,46
584,Cindi,Keele,46
585,Richmond,Goldhawk,46
586,Cam,Fincham,46
587,Jeddy,Witcherley,46
588,Ceciley,Symers,46
589,Jephthah,Lardeux,46
590,Darell,Center,46
591,Sawyer,Bartolomucci,46
592,Gregory,Fairbridge,46
593,Yurik,Grazier,46
594,George,Eddins,46
595,Vincenz,Thonger,46
596,Matthias,Iacovo,47
597,Kippie,Weed,47
598,Carey,Buckie,47
599,Lynsey,Cleevely,47
600,Evelyn,Hunton,47
601,Consolata,Seivertsen,47
602,Abraham,McQuarter,47
603,Erminia,Braddon,47
604,Sutton,Oman,47
605,Thaine,Kenefick,47
606,Sybille,Peake,47
607,Gerri,Tattersdill,47
608,Nickey,Alejo,47
609,Corri,Mattys,47
610,Kathe,Kluss,47
611,Chelsey,Cuniam,47
612,Betsey,Caddies,47
613,Carly,Berard,47
614,Bradly,Holyland,47
615,Harcourt,De Hailes,47
616,Wilhelmina,Vyvyan,47
617,Marcy,McPherson,48
618,Verge,Jakovijevic,48
619,Vic,Porteous,48
620,Pia,Hawkyens,48
621,Marlene,Summerside,48
622,Godfree,Borman,48
623,Lanette,Sellner,48
624,Tamma,Virgo,48
625,Dorian,Sherwyn,48
626,Brig,Kleint,48
627,Cyril,Coronado,48
628,Sascha,Smowton,48
629,Aigneis,Campany,48
630,Almeria,Harme,48
631,Genni,Pleat,48
632,D'arcy,Kisby,48
633,Emma,Campbell,48
634,Hakim,Itshak,48
635,Claudina,Cottle,48
636,Leonid,Vine,48
637,Mariejeanne,Penning,49
638,Isiahi,Holttom,49
639,Kimmie,Enston,49
640,Rodrick,Isgar,49
641,Isaiah,Sprague,49
642,Charmain,Stormonth,49
643,Rance,Luigi,49
644,Radcliffe,Geaves,49
645,Gwyneth,Lucas,49
646,Jordain,O'Hogertie,49
647,Heath,Windaybank,49
648,Estel,Millan,49
649,Danella,Derx,49
650,Olwen,Burgh,49
651,Brett,Sealove,49
652,Ardelis,Paute,49
653,Larry,Kersley,49
654,Lenore,Whiteley,49
655,Norine,Kingsnoad,49
656,Mommy,Halling,49
657,Fanny,Merrikin,49
658,Binnie,Rennocks,50
659,Germana,Waite,50
660,Eldredge,Bunney,50
661,Tome,Nials,50
662,Conny,Kaley,50
663,Reggis,Pach,50
664,Jarred,Brenstuhl,50
665,Lion,Killgus,50
666,Susette,Rossbrooke,50
667,Carmine,Basketter,50
668,Durward,Relton,50
669,Garald,Ducarne,50
670,Del,Bache,50
671,Bettine,Tildesley,50
672,Boniface,Firsby,50
673,Hanan,Wardel,50
674,Erminie,Scarasbrick,50
675,Mayor,Parmeter,50
676,Antonietta,Froome,50
677,Hetty,Howsam,50
678,Kerr,Switsur,51
679,Leoline,Bruinemann,51
680,Megan,Jorczyk,51
681,Gunner,Schall,51
682,Eugenie,Whitwell,51
683,Latia,Knappe,51
684,Monah,Emby,51
685,Bette-ann,Farrans,51
686,Marchelle,Bannon,51
687,Hymie,Howgate,51
688,Miles,Kingsly,51
689,Weidar,Mattusov,51
690,Callie,Renoden,51
691,Candide,Sergent,51
692,Myrtia,Dowker,51
693,Cherey,Spacy,51
694,Nora,Gowry,51
695,Hirsch,Knowles,51
696,Jeno,Attree,51
697,Sutherland,Andrews,51
698,Reade,Foulis,51
699,Trace,Claypoole,51
700,Taryn,Condie,51
701,Meier,Bewshaw,51
702,Kellby,Gon,51
703,Terrie,Powe,51
704,Pooh,Amberger,51
705,Frasco,Kike,51
706,Sarette,Clutton,51
707,Carson,Cahey,51
708,Gusta,Redgate,51
709,Chelsey,Leband,51
710,Tawsha,Helsby,51
711,Jeromy,Vass,51
712,Oriana,Swayton,51
713,Jerrold,Maunsell,51
714,Ginger,Ubsdale,52
715,Bria,Skellon,52
716,Christiana,Pitney,52
717,Jordain,Gumery,52
718,Quinta,Drews,52
719,Kerwin,Buntin,52
720,Marieann,Dayton,52
721,Reena,Jansson,52
722,Harriet,Shiels,52
723,Cleavland,Rivett,52
724,Chic,Pourvoieur,52
725,Janine,Scotchford,52
726,Mic,Shilvock,52
727,Daniella,Stirrup,52
728,Aloisia,Wemm,52
729,Leanna,Jiggen,52
730,Witty,McCurdy,52
731,Donavon,Bartoshevich,53
732,Erina,Trevithick,53
733,Filbert,Maughan,53
734,Yvonne,Yosifov,53
735,Morley,Titcom,53
736,Maddalena,O'Hagirtie,53
737,Vittorio,Arnot,53
738,Morton,Schechter,53
739,Bastien,Cameron,53
740,Berget,Roselli,53
741,Katy,Gounin,53
742,Cyrill,Boor,53
743,Andrey,Kauffman,53
744,Torrie,Peare,53
745,Andi,Sey,53
746,Renado,Hawkey,53
747,Germaine,Reignould,53
748,Gwynne,Stefi,53
749,Korney,Paulucci,53
750,Bobbie,Message,53
751,Bogart,Culkin,53
752,Benjamin,Stephenson,53
753,Lodovico,Di Maria,53
754,Erhard,Cordeau,54
755,Rawley,Kemet,54
756,Leodora,MacLaig,54
757,Wilone,Meriot,54
758,Deb,Badini,54
759,Michele,Hillborne,54
760,Salli,Bowe,54
761,Gamaliel,Sorrie,54
762,Norbert,Strelitzki,54
763,Kesley,Beetles,54
764,Aubrey,Pierse,54
765,Stevy,Cowpe,54
766,Arman,Mogridge,54
767,Esmeralda,Alenin,54
768,Christan,Josef,55
769,Bethena,Ruberti,55
770,Margaretha,Rees,55
771,Annalise,Fulks,55
772,Ilsa,Moynham,55
773,Amos,Pinxton,55
774,Murray,O'Bradden,55
775,Ivan,Saffle,55
776,Jacklyn,Arndell,55
777,Jandy,Folkard,55
778,Mohandis,Wiskar,55
779,Alexandr,Deeks,55
780,Jerad,Mathen,55
781,Harmonie,Claringbold,55
782,Sari,Reedman,55
783,Joshua,Winnister,55
784,Rhonda,Braban,55
785,Nerita,O'Currine,56
786,Juline,Yonge,56
787,Judah,Brayson,56
788,Melony,Tyas,56
789,Carlee,Edscer,56
790,Sly,Pringuer,56
791,Kalila,Barczynski,56
792,Reagen,Aland,56
793,Towny,Tilio,56
794,Davis,Longmuir,56
795,Nicolas,Gligoraci,56
796,Barnabas,Abramowsky,56
797,Consolata,Benedick,56
798,Bent,Gough,56
799,Nelli,Scrivener,56
800,Dugald,Acomb,56
801,Keslie,Chesnay,56
802,Chiquita,Duiguid,57
803,Parsifal,Witherbed,57
804,Ferrel,Flett,57
805,Bessie,Bert,57
806,Foster,Osmon,57
807,Cleopatra,Melledy,57
808,Erda,Thominga,57
809,Linet,Ginner,57
810,Frederigo,Fenlon,57
811,Waylon,Desaur,57
812,Kellyann,Staterfield,57
813,Viviana,Smethurst,57
814,Romona,Sclanders,57
815,Isaak,Misson,57
816,Rik,Timcke,57
817,Putnam,Hutcheon,57
818,Justina,Mazzeo,57
819,Tabby,Delete,57
820,Ranique,MacKibbon,57
821,Dyanna,Speddin,57
822,Ahmad,Fanning,57
823,Hakeem,Caneo,57
824,Zack,Tomblings,58
825,Persis,Korfmann,58
826,Demetri,Lamberth,58
827,Brant,Drinan,58
828,Minnie,Chesshyre,58
829,Archibald,MacCahee,58
830,Mercy,Dunkinson,58
831,Pen,MacCleod,58
832,Britney,Rachuig,58
833,Harrietta,Biggs,58
834,Steffi,Martinolli,58
835,Dulcy,Adamczyk,58
836,Sawyer,Sailes,58
837,Whittaker,Eccleshall,58
838,Pincas,Ead,58
839,Eben,Routley,58
840,Farlee,Kubacki,58
841,Roma,Vorley,58
842,Aloise,Belsham,58
843,Devinne,Pawlata,58
844,Noak,Tapenden,58
845,Claiborne,Scarasbrick,58
846,Alejoa,Sproston,59
847,Ruttger,Polson,59
848,Tamma,Ellingham,59
849,Joli,Puleque,59
850,Merilyn,Loughton,59
851,Rana,Simper,59
852,Moore,Ottosen,59
853,Rainer,Petrelli,59
854,Dalenna,Jeayes,59
855,Ned,Warboys,59
856,Nicky,Mingardo,59
857,Constantine,Fance,59
858,Lionel,Gales,59
859,Damiano,Nevill,59
860,Claire,Keigher,59
861,Nestor,Bagshawe,59
862,Ardra,Carayol,59
863,Grete,Cakes,59
864,Mair,Drife,59
865,Melvyn,Strewthers,59
866,Erin,Blasl,59
867,Georgena,Kellar,59
868,Britt,Jeppensen,59
869,Virgilio,Parmby,59
870,Elissa,Georgot,59
871,Shermie,Bayles,60
872,Fletcher,Kinze,60
873,Rhetta,Block,60
874,Andros,Luscott,60
875,Mariele,Selvester,60
876,Elwira,Errichi,60
877,Boothe,Rogez,60
878,Alonso,Van Arsdale,60
879,Florida,Dehm,60
880,Agretha,Smeed,60
881,Lombard,Breem,60
882,Joycelin,Rudloff,60
883,Durand,Lawlan,60
884,Jorgan,Van Cassel,60
885,Roxine,Dunkirk,60
886,Hatty,Burree,60
887,Laural,Greenaway,60
888,Russ,Wardroper,60
889,Fanni,Goodyer,60
890,Lorry,Johannesson,60
891,Suzi,Rambadt,60
892,Rickard,Strivens,60
893,Verene,Radford,60
894,Nanni,Brodest,60
895,Kimberli,Swynley,60
896,Bevin,Deniseau,60
897,Courtnay,Cuttelar,61
898,Giulio,Lazare,61
899,Betsey,Danit,61
900,Candice,Croker,61
901,Janeen,Hulke,61
902,Claudie,Haggeth,61
903,Luther,Juggings,61
904,Branden,Eliet,61
905,Darda,Fosdyke,61
906,Kippy,Ivachyov,61
907,Silvie,Luke,61
908,Bondie,Lampbrecht,61
909,Kerk,Essame,61
910,Millie,Josowitz,61
911,Ekaterina,Allam,61
912,Fleurette,Dungay,61
913,Miranda,Coaker,61
914,Pattie,Winks,61
915,Orrin,Hissie,61
916,Cecilius,Dunmore,61
917,Coletta,Shreve,61
918,Bendicty,Cherry Holme,61
919,Babita,Aleksahkin,61
920,Terrie,Ponsford,62
921,Tucky,Echalier,62
922,Dale,Josupeit,62
923,Odilia,Gerriets,62
924,Tonnie,Dyke,62
925,Banky,Kix,62
926,Liva,Beddall,62
927,Pren,Gwinn,62
928,Hana,Gaspard,62
929,Lars,Scoffins,62
930,Alexandr,Gypps,62
931,Bambi,Manhood,62
932,Lela,Powling,62
933,Jami,Haldenby,62
934,Wald,Linggood,62
935,Coleen,Buckerfield,62
936,Bertha,Dalwood,62
937,Cherice,Notton,62
938,Lizzie,Guerra,62
939,Tulley,Trank,62
940,Wright,Thwaites,62
941,Osgood,Daburn,62
942,Boyd,Myles,63
943,Vaughn,Gaish,63
944,Zackariah,Dyche,63
945,Jade,Braidman,63
946,Betteanne,Olphert,63
947,Aridatha,Rapport,63
948,Aveline,Babst,63
949,Lolly,Stopford,63
950,Georgianna,Philipps,63
951,Wood,Christophers,63
952,Kacy,Derdes,63
953,Neale,Langrick,63
954,Florance,Garvill,63
955,Emanuel,Baguley,63
956,Cristin,Load,63
957,Gasparo,Drewe,63
958,Job,Brugemann,63
959,Nara,Munnings,63
960,Florida,Dregan,63
961,Kalle,Netley,63
962,Hermann,Tarquinio,63
963,Jerrome,Boshers,63
964,Duane,Birrell,63
965,Alyss,Bedow,63
966,Merline,Culshaw,64
967,Albie,Edinburgh,64
968,Kelsey,Bushell,64
969,Eward,Waberer,64
970,Horatius,Kreutzer,64
971,Toni,Creddon,64
972,Tandie,Eaklee,64
973,Loren,Milliere,64
974,Kit,Pascow,64
975,Colas,Satyford,64
976,Felecia,Corpe,64
977,Averell,Thonger,64
978,Pierette,Romero,64
979,Virgilio,Vedekhin,64
980,Bard,Kobpac,64
981,Antonetta,Toman,64
982,Alvie,Kinsell,64
983,Fraze,Chasteau,64
984,Romola,Ife,64
985,Gwyn,Blew,64
986,Gregoor,Blinco,64
987,Lyndsie,Swannick,65
988,Clio,Vautier,65
989,Sheila-kathryn,Bum,65
990,Clay,Beranek,65
991,Madalena,Hacquoil,65
992,Silvano,Lonnon,65
993,Correy,Ogilby,65
994,Rouvin,Yakubov,65
995,Wanda,McManamen,65
996,Brana,Paulo,65
997,Clementia,Gaddas,65
998,Lewes,McGovern,65
999,Myron,Alldred,65
1000,Gavan,Yuryichev,65
